47 16 01 0d 04 64 00 00 00 d3
47 16 01 08 04 15 15 15 00 a9 
47 16 01 0d 04 64 00 00 00 d3 
47 16 01 08 04 15 15 15 00 a9 ff 
47 16 01 0d 04 64 00 00 00 d3 
47 16 01 08 04 15 15 15 00 a9 
47 16 01 0d 04 64 00 00 00 d3 
47 16 01 08 04 15 15 15 00 a9 
47 16 01 0d 04 64 00 00 00 d3 
47 16 01 08 04 15 15 15 00 a9 
47 16 01 0d 04 64 00 00 00 d3 
47 16 01 08 04 15 15 15 00 a9 ff 
47 16 01 08 04 15 15 15 00 a9 
47 16 01 0d 04 64 00 00 00 d3 
47 16 01 08 04 15 15 15 00 a9 
47 16 01 0d 04 64 00 00 00 d3 
47 16 01 08 04 15 15 15 00 a9 
47 16 01 0d 04 64 00 00 00 d3 
47 16 01 0d 04 64 00 00 00 d3 
47 16 01 08 04 15 15 15 00 a9 
47 16 01 0d 04 64 00 00 00 d3 
47 16 01 08 04 15 15 15 00 a9 
47 16 01 0d 04 64 00 00 00 d3 
47 16 01 08 04 15 15 15 00 a9 
47 16 01 0d 04 64 00 00 00 d3 
47 16 01 08 04 15 15 15 00 a9 
47 16 01 0d 04 64 00 00 00 d3 
47 16 01 08 04 15 15 15 00 a9 
47 16 01 0d 04 64 00 00 00 d3 
47 16 01 08 04 15 15 15 00 a9 
47 16 01 0d 04 64 00 00 00 d3 
47 16 01 08 04 15 15 15 00 a9 
47 16 01 0d 04 64 00 00 00 d3 
47 16 01 08 04 15 15 15 00 a9 
47 16 01 0d 04 64 00 00 00 d3 
47 16 01 08 04 15 15 15 00 a9 
47 16 01 0d 04 64 00 00 00 d3 
47 16 01 08 04 15 15 15 00 a9 
47 16 01 0d 04 64 00 00 00 d3 
47 16 01 08 04 15 15 15 00 a9 
47 16 01 0d 04 64 00 00 00 d3 
47 16 01 08 04 15 15 15 00 a9 
47 16 01 0d 04 64 00 00 00 d3 
47 16 01 08 04 15 15 15 00 a9 
47 16 01 0d 04 64 00 00 00 d3 
47 16 01 08 04 15 15 15 00 a9 
47 16 01 0d 04 64 00 00 00 d3 
47 16 01 08 04 15 15 15 00 a9 
47 16 01 0d 04 64 00 00 00 d3 
47 16 01 08 04 15 15 15 00 a9 
47 16 01 0d 04 64 00 00 00 d3 
47 16 01 08 04 15 15 15 00 a9 
47 16 01 0d 04 64 00 00 00 d3 
47 16 01 08 04 15 15 15 00 a9 
47 16 01 0d 04 64 00 00 00 d3 
47 16 01 08 04 15 15 15 00 a9 
47 16 01 0d 04 64 00 00 00 d3 
47 16 01 08 04 15 15 15 00 a9 
47 16 01 0d 04 64 00 00 00 d3 
47 16 01 08 04 15 15 15 00 a9 
47 16 01 0d 04 64 00 00 00 d3 
47 16 01 08 04 15 15 15 00 a9 
47 16 01 0d 04 64 00 00 00 d3 
47 16 01 08 04 15 15 15 00 a9 
47 16 01 0d 04 64 00 00 00 d3 
47 16 01 08 04 15 15 15 00 a9 
47 16 01 0d 04 64 00 00 00 d3 
47 16 01 08 04 15 15 15 00 a9 
47 16 01 0d 04 64 00 00 00 d3 
47 16 01 08 04 15 15 15 00 a9 
47 16 01 0d 04 64 00 00 00 d3 
47 16 01 08 04 15 15 15 00 a9 
47 16 01 0d 04 64 00 00 00 d3 
47 16 01 08 04 15 15 15 00 a9 
47 16 01 0d 04 64 00 00 00 d3 
47 16 01 08 04 15 15 15 00 a9 
47 16 01 0d 04 64 00 00 00 d3 
47 16 01 08 04 15 15 15 00 a9 
47 16 01 0d 04 64 00 00 00 d3 
47 16 01 08 04 15 15 15 00 a9 
47 16 01 0d 04 64 00 00 00 d3 
47 16 01 08 04 15 15 15 00 a9 
47 16 01 0d 04 64 00 00 00 d3 
47 16 01 08 04 15 15 15 00 a9 
47 16 01 0d 04 64 00 00 00 d3 
47 16 01 08 04 15 15 15 00 a9 
47 16 01 0d 04 64 00 00 00 d3 
47 16 01 08 04 15 15 15 00 a9 
47 16 01 0d 04 64 00 00 00 d3 
47 16 01 08 04 15 15 15 00 a9 
47 16 01 0d 04 64 00 00 00 d3 
47 16 01 08 04 15 15 15 00 a9 
47 16 01 0d 04 64 00 00 00 d3 
47 16 01 08 04 15 15 15 00 a9 
47 16 01 0d 04 64 00 00 00 d3 
47 16 01 08 04 15 15 15 00 a9 
47 16 01 0d 04 64 00 00 00 d3 
47 16 01 08 04 15 15 15 00 a9 
47 16 01 0d 04 64 00 00 00 d3 
47 16 01 08 04 15 15 15 00 a9 
47 16 01 0d 04 64 00 00 00 d3 
47 16 01 08 04 15 15 15 00 a9 
47 16 01 0d 04 64 00 00 00 d3 
47 16 01 08 04 15 15 15 00 a9 
47 16 01 0d 04 64 00 00 00 d3 
47 16 01 08 04 15 15 15 00 a9 
47 16 01 0d 04 64 00 00 00 d3 
47 16 01 08 04 15 15 15 00 a9 
47 16 01 0d 04 64 00 00 00 d3 
47 16 01 08 04 15 15 15 00 a9 
47 16 01 0d 04 64 00 00 00 d3 
47 16 01 08 04 15 15 15 00 a9 
47 16 01 0d 04 64 00 00 00 d3 
47 16 01 08 04 15 15 15 00 a9 
47 16 01 0d 04 64 00 00 00 d3 
47 16 01 08 04 15 15 15 00 a9 
47 16 01 0d 04 64 00 00 00 d3 
47 16 01 08 04 15 15 15 00 a9 
47 16 01 0d 04 64 00 00 00 d3 
47 16 01 08 04 15 15 15 00 a9 
47 16 01 0d 04 64 00 00 00 d3 
47 16 01 08 04 15 15 15 00 a9 
47 16 01 0d 04 64 00 00 00 d3 
47 16 01 08 04 15 15 15 00 a9 
47 16 01 0d 04 64 00 00 00 d3 
47 16 01 08 04 15 15 15 00 a9 
47 16 01 0d 04 64 00 00 00 d3 
47 16 01 08 04 15 15 15 00 a9 ff 
47 16 01 0d 04 64 00 00 00 d3 
47 16 01 08 04 15 15 15 00 a9 
47 16 01 0d 04 64 00 00 00 d3 
47 16 01 08 04 15 15 15 00 a9 
47 16 01 0d 04 64 00 00 00 d3 
47 16 01 08 04 15 15 15 00 a9 
47 16 01 0d 04 64 00 00 00 d3 
47 16 01 08 04 15 15 15 00 a9 
47 16 01 0d 04 64 00 00 00 d3 
47 16 01 08 04 15 15 15 00 a9 
47 16 01 0d 04 64 00 00 00 d3 
47 16 01 08 04 15 15 15 00 a9 
47 16 01 0d 04 64 00 00 00 d3 
47 16 01 08 04 15 15 15 00 a9 ff 
47 16 01 0d 04 64 00 00 00 d3 
47 16 01 08 04 15 15 15 00 a9 
47 16 01 0d 04 64 00 00 00 d3 
47 16 01 08 04 15 15 15 00 a9 
47 16 01 0d 04 64 00 00 00 d3 
47 16 01 08 04 15 15 15 00 a9 
47 16 01 0d 04 64 00 00 00 d3 
47 16 01 08 04 15 15 15 00 a9 
47 16 01 0d 04 64 00 00 00 d3 ff 
47 16 01 08 04 15 15 15 00 a9 
47 16 01 0d 04 64 00 00 00 d3 
47 16 01 08 04 15 15 15 00 a9 
47 16 01 0d 04 64 00 00 00 d3 
47 16 01 08 04 15 15 15 00 a9 
47 16 01 0d 04 64 00 00 00 d3 
47 16 01 08 04 15 15 15 00 a9 
47 16 01 0d 04 64 00 00 00 d3 
47 16 01 08 04 15 15 15 00 a9 
47 16 01 0d 04 64 00 00 00 d3 
47 16 01 08 04 15 15 15 00 a9 
47 16 01 0d 04 64 00 00 00 d3 
47 16 01 08 04 15 15 15 00 a9 
47 16 01 0d 04 64 00 00 00 d3 
47 16 01 08 04 15 15 15 00 a9 
47 16 01 0d 04 64 00 00 00 d3 
47 16 01 08 04 15 15 15 00 a9 
47 16 01 0d 04 64 00 00 00 d3 
47 16 01 08 04 15 15 15 00 a9 
47 16 01 0d 04 64 00 00 00 d3 
47 16 01 08 04 15 15 15 00 a9 
47 16 01 0d 04 64 00 00 00 d3 
47 16 01 08 04 15 15 15 00 a9 
47 16 01 0d 04 64 00 00 00 d3 
47 16 01 08 04 15 15 15 00 a9 
47 16 01 0d 04 64 00 00 00 d3 
47 16 01 08 04 15 15 15 00 a9 
47 16 01 0d 04 64 00 00 00 d3 
47 16 01 08 04 15 15 15 00 a9 
47 16 01 0d 04 64 00 00 00 d3 
47 16 01 08 04 15 15 15 00 a9 
47 16 01 0d 04 64 00 00 00 d3 
47 16 01 08 04 15 15 15 00 a9 
47 16 01 0d 04 64 00 00 00 d3 
47 16 01 08 04 15 15 15 00 a9 
47 16 01 0d 04 64 00 00 00 d3 
47 16 01 08 04 15 15 15 00 a9 
47 16 01 0d 04 64 00 00 00 d3 
47 16 01 08 04 15 15 15 00 a9 
47 16 01 0d 04 64 00 00 00 d3 
47 16 01 08 04 15 15 15 00 a9 
47 16 01 0d 04 64 00 00 00 d3 
47 16 01 08 04 15 15 15 00 a9 
47 16 01 0d 04 64 00 00 00 d3 
47 16 01 08 04 15 15 15 00 a9 
47 16 01 0d 04 64 00 00 00 d3 
47 16 01 08 04 15 15 15 00 a9 
47 16 01 0d 04 64 00 00 00 d3 
47 16 01 08 04 15 15 15 00 a9 
47 16 01 0d 04 64 00 00 00 d3 
47 16 01 08 04 15 15 15 00 a9 
47 16 01 0d 04 64 00 00 00 d3 
47 16 01 08 04 15 15 15 00 a9 
47 16 01 0d 04 64 00 00 00 d3 
47 16 01 08 04 15 15 15 00 a9 
47 16 01 0d 04 64 00 00 00 d3 
47 16 01 08 04 15 15 15 00 a9 
47 16 01 0d 04 64 00 00 00 d3 
47 16 01 08 04 15 15 15 00 a9 
47 16 01 0d 04 64 00 00 00 d3 
47 16 01 08 04 15 15 15 00 a9 
47 16 01 0d 04 64 00 00 00 d3 
47 16 01 08 04 15 15 15 00 a9 
47 16 01 0d 04 64 00 00 00 d3 
47 16 01 08 04 15 15 15 00 a9 
47 16 01 0d 04 64 00 00 00 d3 
47 16 01 08 04 15 15 15 00 a9 
47 16 01 0d 04 64 00 00 00 d3 
47 16 01 08 04 15 15 15 00 a9 
47 16 01 0d 04 64 00 00 00 d3 
47 16 01 08 04 15 15 15 00 a9 
47 16 01 0d 04 64 00 00 00 d3 
47 16 01 08 04 15 15 15 00 a9 
47 16 01 0d 04 64 00 00 00 d3 
47 16 01 08 04 15 15 15 00 a9 
47 16 01 0d 04 64 00 00 00 d3 
47 16 01 08 04 15 15 15 00 a9 
47 16 01 0d 04 64 00 00 00 d3 
47 16 01 08 04 15 15 15 00 a9 
47 16 01 0d 04 64 00 00 00 d3 
47 16 01 08 04 15 15 15 00 a9 
47 16 01 0d 04 64 00 00 00 d3 
47 16 01 08 04 15 15 15 00 a9 
47 16 01 0d 04 64 00 00 00 d3 
47 16 01 08 04 15 15 15 00 a9 
47 16 01 0d 04 64 00 00 00 d3 
47 16 01 08 04 15 15 15 00 a9 
47 16 01 0d 04 64 00 00 00 d3 
47 16 01 08 04 15 15 15 00 a9 
47 16 01 0d 04 64 00 00 00 d3 
47 16 01 08 04 15 15 15 00 a9 
47 16 01 0d 04 64 00 00 00 d3 
47 16 01 08 04 15 15 15 00 a9 
47 16 01 0d 04 64 00 00 00 d3 
47 16 01 08 04 15 15 15 00 a9 
47 16 01 0d 04 64 00 00 00 d3 
47 16 01 08 04 15 15 15 00 a9 
47 16 01 0d 04 64 00 00 00 d3 
47 16 01 08 04 15 15 15 00 a9 
47 16 01 0d 04 64 00 00 00 d3 
47 16 01 08 04 15 15 15 00 a9 
47 16 01 0d 04 64 00 00 00 d3 
47 16 01 08 04 15 15 15 00 a9 
47 16 01 0d 04 64 00 00 00 d3 
47 16 01 08 04 15 15 15 00 a9 
47 16 01 0d 04 64 00 00 00 d3 
47 16 01 08 04 15 15 15 00 a9 
47 16 01 0d 04 64 00 00 00 d3 
47 16 01 08 04 15 15 15 00 a9 
47 16 01 0d 04 64 00 00 00 d3 
47 16 01 08 04 15 15 15 00 a9 
47 16 01 0d 04 64 00 00 00 d3 
47 16 01 08 04 15 15 15 00 a9 
47 16 01 0d 04 64 00 00 00 d3 
47 16 01 08 04 15 15 15 00 a9 
47 16 01 0d 04 64 00 00 00 d3 
47 16 01 08 04 15 15 15 00 a9 
47 16 01 0d 04 64 00 00 00 d3 
47 16 01 08 04 15 15 15 00 a9 
47 16 01 0d 04 64 00 00 00 d3 
47 16 01 08 04 15 15 15 00 a9 
47 16 01 0d 04 64 00 00 00 d3 
47 16 01 08 04 15 15 15 00 a9 
47 16 01 0d 04 64 00 00 00 d3 
47 16 01 08 04 15 15 15 00 a9 
47 16 01 0d 04 64 00 00 00 d3 
47 16 01 08 04 15 15 15 00 a9 
47 16 01 0d 04 64 00 00 00 d3 
47 16 01 08 04 15 15 15 00 a9 
47 16 01 0d 04 64 00 00 00 d3 
47 16 01 08 04 15 15 15 00 a9 
47 16 01 0d 04 64 00 00 00 d3 
47 16 01 08 04 15 15 15 00 a9 
47 16 01 0d 04 64 00 00 00 d3 
47 16 01 08 04 15 15 15 00 a9 
47 16 01 0d 04 64 00 00 00 d3 
47 16 01 08 04 15 15 15 00 a9 
47 16 01 0d 04 64 00 00 00 d3 
47 16 01 08 04 15 15 15 00 a9 
47 16 01 0d 04 64 00 00 00 d3 
47 16 01 08 04 15 15 15 00 a9 
47 16 01 0d 04 64 00 00 00 d3 
47 16 01 08 04 15 15 15 00 a9 
47 16 01 0d 04 64 00 00 00 d3 
47 16 01 08 04 15 15 15 00 a9 
47 16 01 0d 04 64 00 00 00 d3 
47 16 01 08 04 15 15 15 00 a9 
47 16 01 0d 04 64 00 00 00 d3 
47 16 01 08 04 15 15 15 00 a9 
47 16 01 0d 04 64 00 00 00 d3 
47 16 01 08 04 15 15 15 00 a9 
47 16 01 0d 04 64 00 00 00 d3 
47 16 01 08 04 15 15 15 00 a9 
47 16 01 0d 04 64 00 00 00 d3 
47 16 01 08 04 15 15 15 00 a9 
47 16 01 0d 04 64 00 00 00 d3 
47 16 01 08 04 15 15 15 00 a9 
47 16 01 0d 04 64 00 00 00 d3 
47 16 01 08 04 15 15 15 00 a9 
47 16 01 0d 04 64 00 00 00 d3 
47 16 01 08 04 15 15 15 00 a9 
47 16 01 0d 04 64 00 00 00 d3 
47 16 01 08 04 15 15 15 00 a9 
47 16 01 0d 04 64 00 00 00 d3 
47 16 01 08 04 15 15 15 00 a9 
47 16 01 0d 04 64 00 00 00 d3 
47 16 01 08 04 15 15 15 00 a9 
47 16 01 0d 04 64 00 00 00 d3 
47 16 01 08 04 15 15 15 00 a9 
47 16 01 0d 04 64 00 00 00 d3 
47 16 01 08 04 15 15 15 00 a9 
47 16 01 0d 04 64 00 00 00 d3 
47 16 01 08 04 15 15 15 00 a9 
47 16 01 0d 04 64 00 00 00 d3 
47 16 01 08 04 15 15 15 00 a9 
47 16 01 0d 04 64 00 00 00 d3 
47 16 01 08 04 15 15 15 00 a9 
47 16 01 0d 04 64 00 00 00 d3 
47 16 01 08 04 15 15 15 00 a9 
47 16 01 0d 04 64 00 00 00 d3 
47 16 01 08 04 15 15 15 00 a9 
47 16 01 0d 04 64 00 00 00 d3 
47 16 01 08 04 15 15 15 00 a9 
47 16 01 0d 04 64 00 00 00 d3 
47 16 01 08 04 15 15 15 00 a9 
47 16 01 0d 04 64 00 00 00 d3 
47 16 01 08 04 15 15 15 00 a9 
47 16 01 0d 04 64 00 00 00 d3 
47 16 01 08 04 15 15 15 00 a9 
47 16 01 0d 04 64 00 00 00 d3 
47 16 01 08 04 15 15 15 00 a9 
47 16 01 0d 04 64 00 00 00 d3 
47 16 01 08 04 15 15 15 00 a9 
47 16 01 0d 04 64 00 00 00 d3 
47 16 01 08 04 15 15 15 00 a9 
47 16 01 0d 04 64 00 00 00 d3 
47 16 01 08 04 15 15 15 00 a9 
47 16 01 0d 04 64 00 00 00 d3 
47 16 01 08 04 15 15 15 00 a9 
47 16 01 0d 04 64 00 00 00 d3 
47 16 01 08 04 15 15 15 00 a9 
47 16 01 0d 04 64 00 00 00 d3 
47 16 01 08 04 15 15 15 00 a9 
47 16 01 0d 04 64 00 00 00 d3 
47 16 01 08 04 15 15 15 00 a9 
47 16 01 0d 04 64 00 00 00 d3 
47 16 01 08 04 15 15 15 00 a9 
47 16 01 0d 04 64 00 00 00 d3 
47 16 01 08 04 15 15 15 00 a9 
47 16 01 0d 04 64 00 00 00 d3 
47 16 01 08 04 15 15 15 00 a9 
47 16 01 0d 04 64 00 00 00 d3 
47 16 01 08 04 15 15 15 00 a9 
47 16 01 0d 04 64 00 00 00 d3 
47 16 01 08 04 15 15 15 00 a9 
47 16 01 0d 04 64 00 00 00 d3 
47 16 01 08 04 15 15 15 00 a9 
47 16 01 0d 04 64 00 00 00 d3 
47 16 01 08 04 15 15 15 00 a9 
47 16 01 0d 04 64 00 00 00 d3 
47 16 01 08 04 15 15 15 00 a9 
47 16 01 0d 04 64 00 00 00 d3 
47 16 01 08 04 15 15 15 00 a9 
47 16 01 0d 04 64 00 00 00 d3 
47 16 01 08 04 15 15 15 00 a9 
47 16 01 0d 04 64 00 00 00 d3 
47 16 01 08 04 15 15 15 00 a9 
47 16 01 0d 04 64 00 00 00 d3 
47 16 01 08 04 15 15 15 00 a9 
47 16 01 0d 04 64 00 00 00 d3 
47 16 01 08 04 15 15 15 00 a9 
47 16 01 0d 04 64 00 00 00 d3 
47 16 01 08 04 15 15 15 00 a9 
47 16 01 0d 04 64 00 00 00 d3 
47 16 01 08 04 15 15 15 00 a9 
47 16 01 0d 04 64 00 00 00 d3 
47 16 01 08 04 15 15 15 00 a9 
47 16 01 0d 04 64 00 00 00 d3 
47 16 01 08 04 15 15 15 00 a9 
47 16 01 0d 04 64 00 00 00 d3 
47 16 01 08 04 15 15 15 00 a9 
47 16 01 0d 04 64 00 00 00 d3 
47 16 01 08 04 15 15 15 00 a9 
47 16 01 0d 04 64 00 00 00 d3 
47 16 01 08 04 15 15 15 00 a9 
47 16 01 0d 04 64 00 00 00 d3 
47 16 01 08 04 15 15 15 00 a9 
47 16 01 0d 04 64 00 00 00 d3 
47 16 01 08 04 15 15 15 00 a9 
47 16 01 0d 04 64 00 00 00 d3 
47 16 01 08 04 15 15 15 00 a9 
47 16 01 0d 04 64 00 00 00 d3 
47 16 01 08 04 15 15 15 00 a9 
47 16 01 0d 04 64 00 00 00 d3 
47 16 01 08 04 15 15 15 00 a9 
47 16 01 0d 04 64 00 00 00 d3 
47 16 01 08 04 15 15 15 00 a9 
47 16 01 0d 04 64 00 00 00 d3 
47 16 01 08 04 15 15 15 00 a9 
47 16 01 0d 04 64 00 00 00 d3 
47 16 01 08 04 15 15 15 00 a9 
47 16 01 0d 04 64 00 00 00 d3 
47 16 01 08 04 15 15 15 00 a9 
47 16 01 0d 04 64 00 00 00 d3 
47 16 01 08 04 15 15 15 00 a9 
47 16 01 0d 04 64 00 00 00 d3 
47 16 01 08 04 15 15 15 00 a9 
47 16 01 0d 04 64 00 00 00 d3 
47 16 01 08 04 15 15 15 00 a9 
47 16 01 0d 04 64 00 00 00 d3 
47 16 01 08 04 15 15 15 00 a9 
47 16 01 0d 04 64 00 00 00 d3 
47 16 01 08 04 15 15 15 00 a9 
47 16 01 0d 04 64 00 00 00 d3 
47 16 01 08 04 15 15 15 00 a9 
47 16 01 0d 04 64 00 00 00 d3 
47 16 01 08 04 15 15 15 00 a9 
47 16 01 0d 04 64 00 00 00 d3 
47 16 01 08 04 15 15 15 00 a9 
47 16 01 0d 04 64 00 00 00 d3 
47 16 01 08 04 15 15 15 00 a9 
47 16 01 0d 04 64 00 00 00 d3 
47 16 01 08 04 15 15 15 00 a9 
47 16 01 0d 04 64 00 00 00 d3 
47 16 01 08 04 15 15 15 00 a9 
47 16 01 0d 04 64 00 00 00 d3 
47 16 01 08 04 15 15 15 00 a9 
47 16 01 0d 04 64 00 00 00 d3 
47 16 01 08 04 15 15 15 00 a9 
47 16 01 0d 04 64 00 00 00 d3 
47 16 01 08 04 15 15 15 00 a9 
47 16 01 0d 04 64 00 00 00 d3 
47 16 01 08 04 15 15 15 00 a9 
47 16 01 0d 04 64 00 00 00 d3 
47 16 01 08 04 15 15 15 00 a9 
47 16 01 0d 04 64 00 00 00 d3 
47 16 01 08 04 15 15 15 00 a9 
47 16 01 0d 04 64 00 00 00 d3 
47 16 01 08 04 15 15 15 00 a9 
47 16 01 0d 04 64 00 00 00 d3 
47 16 01 08 04 15 15 15 00 a9 
47 16 01 0d 04 64 00 00 00 d3 
47 16 01 08 04 15 15 15 00 a9 
47 16 01 0d 04 64 00 00 00 d3 
47 16 01 08 04 15 15 15 00 a9 
47 16 01 0d 04 64 00 00 00 d3 
47 16 01 08 04 15 15 15 00 a9 
47 16 01 0d 04 64 00 00 00 d3 
47 16 01 08 04 15 15 15 00 a9 
47 16 01 0d 04 64 00 00 00 d3 
47 16 01 08 04 15 15 15 00 a9 
47 16 01 0d 04 64 00 00 00 d3 
47 16 01 08 04 15 15 15 00 a9 
47 16 01 0d 04 64 00 00 00 d3 
47 16 01 08 04 15 15 15 00 a9 
47 16 01 0d 04 64 00 00 00 d3 
47 16 01 08 04 15 15 15 00 a9 
47 16 01 0d 04 64 00 00 00 d3 
47 16 01 08 04 15 15 15 00 a9 
47 16 01 0d 04 64 00 00 00 d3 
47 16 01 08 04 15 15 15 00 a9 
47 16 01 0d 04 64 00 00 00 d3 
47 16 01 08 04 15 15 15 00 a9 ff 
47 16 01 0d 04 64 00 00 00 d3 
47 16 01 08 04 15 15 15 00 a9 
47 16 01 0d 04 64 00 00 00 d3 
47 16 01 08 04 15 15 15 00 a9 
47 16 01 0d 04 64 00 00 00 d3 
47 16 01 08 04 15 15 15 00 a9 
47 16 01 0d 04 64 00 00 00 d3 
47 16 01 08 04 15 15 15 00 a9 
47 16 01 0d 04 64 00 00 00 d3 
47 16 01 08 04 15 15 15 00 a9 
47 16 01 0d 04 64 00 00 00 d3 
47 16 01 08 04 15 15 15 00 a9 
47 16 01 0d 04 64 00 00 00 d3 
47 16 01 08 04 15 15 15 00 a9 
47 16 01 0d 04 64 00 00 00 d3 
47 16 01 08 04 15 15 15 00 a9 
47 16 01 0d 04 64 00 00 00 d3 
47 16 01 08 04 15 15 15 00 a9 
47 16 01 0d 04 64 00 00 00 d3 
47 16 01 08 04 15 15 15 00 a9 
47 16 01 0d 04 64 00 00 00 d3 
47 16 01 08 04 15 15 15 00 a9 
47 16 01 0d 04 64 00 00 00 d3 
47 16 01 08 04 15 15 15 00 a9 
47 16 01 0d 04 64 00 00 00 d3 
47 16 01 08 04 15 15 15 00 a9 
47 16 01 0d 04 64 00 00 00 d3 
47 16 01 08 04 15 15 15 00 a9 
47 16 01 0d 04 64 00 00 00 d3 
47 16 01 08 04 15 15 15 00 a9 
47 16 01 0d 04 64 00 00 00 d3 
47 16 01 08 04 15 15 15 00 a9 
47 16 01 0d 04 64 00 00 00 d3 
47 16 01 08 04 15 15 15 00 a9 
47 16 01 0d 04 64 00 00 00 d3 
47 16 01 08 04 15 15 15 00 a9 
47 16 01 0d 04 64 00 00 00 d3 
47 16 01 08 04 15 15 15 00 a9 
47 16 01 0d 04 64 00 00 00 d3 
47 16 01 08 04 15 15 15 00 a9 
47 16 01 0d 04 64 00 00 00 d3 
47 16 01 08 04 15 15 15 00 a9 
47 16 01 0d 04 64 00 00 00 d3 
47 16 01 08 04 15 15 15 00 a9 
47 16 01 0d 04 64 00 00 00 d3 
47 16 01 08 04 15 15 15 00 a9 
47 16 01 0d 04 64 00 00 00 d3 
47 16 01 08 04 15 15 15 00 a9 
47 16 01 0d 04 64 00 00 00 d3 
47 16 01 08 04 15 15 15 00 a9 
47 16 01 0d 04 64 00 00 00 d3 
47 16 01 08 04 15 15 15 00 a9 
47 16 01 0d 04 64 00 00 00 d3 
47 16 01 08 04 15 15 15 00 a9 
47 16 01 0d 04 64 00 00 00 d3 
47 16 01 08 04 15 15 15 00 a9 
47 16 01 0d 04 64 00 00 00 d3 
47 16 01 08 04 15 15 15 00 a9 
47 16 01 0d 04 64 00 00 00 d3 
47 16 01 08 04 15 15 15 00 a9 
47 16 01 0d 04 64 00 00 00 d3 
47 16 01 08 04 15 15 15 00 a9 ff 
47 16 01 0d 04 64 00 00 00 d3 
47 16 01 08 04 15 15 15 00 a9 
47 16 01 0d 04 64 00 00 00 d3 
47 16 01 08 04 15 15 15 00 a9 
47 16 01 0d 04 64 00 00 00 d3 
47 16 01 08 04 15 15 15 00 a9 
47 16 01 0d 04 64 00 00 00 d3 
47 16 01 08 04 15 15 15 00 a9 
47 16 01 0d 04 64 00 00 00 d3 
47 16 01 08 04 15 15 15 00 a9 
47 16 01 0d 04 64 00 00 00 d3 
47 16 01 08 04 15 15 15 00 a9 
47 16 01 0d 04 64 00 00 00 d3 
47 16 01 08 04 15 15 15 00 a9 ff 
47 16 01 0d 04 64 00 00 00 d3 
47 16 01 08 04 15 15 15 00 a9 
47 16 01 0d 04 64 00 00 00 d3 
47 16 01 08 04 15 15 15 00 a9 
47 16 01 0d 04 64 00 00 00 d3 
47 16 01 08 04 15 15 15 00 a9 
47 16 01 0d 04 64 00 00 00 d3 
47 16 01 08 04 15 15 15 00 a9 
47 16 01 0d 04 64 00 00 00 d3 
47 16 01 08 04 15 15 15 00 a9 
47 16 01 0d 04 64 00 00 00 d3 
47 16 01 08 04 15 15 15 00 a9 
47 16 01 0d 04 64 00 00 00 d3 
47 16 01 08 04 15 15 15 00 a9 
47 16 01 0d 04 64 00 00 00 d3 
47 16 01 08 04 15 15 15 00 a9 
47 16 01 0d 04 64 00 00 00 d3 
47 16 01 08 04 15 15 15 00 a9 
47 16 01 0d 04 64 00 00 00 d3 
47 16 01 08 04 15 15 15 00 a9 
47 16 01 0d 04 64 00 00 00 d3 
47 16 01 08 04 15 15 15 00 a9 
47 16 01 0d 04 64 00 00 00 d3 
47 16 01 08 04 15 15 15 00 a9 
47 16 01 0d 04 64 00 00 00 d3 
47 16 01 08 04 15 15 15 00 a9 
47 16 01 0d 04 64 00 00 00 d3 
47 16 01 08 04 15 15 15 00 a9 
47 16 01 0d 04 64 00 00 00 d3 
47 16 01 08 04 15 15 15 00 a9 
47 16 01 0d 04 64 00 00 00 d3 
47 16 01 08 04 15 15 15 00 a9 
47 16 01 0d 04 64 00 00 00 d3 
47 16 01 08 04 15 15 15 00 a9 
47 16 01 0d 04 64 00 00 00 d3 
47 16 01 08 04 15 15 15 00 a9 
47 16 01 0d 04 64 00 00 00 d3 
47 16 01 08 04 15 15 15 00 a9 
47 16 01 0d 04 64 00 00 00 d3 
47 16 01 08 04 15 15 15 00 a9 
47 16 01 0d 04 64 00 00 00 d3 
47 16 01 08 04 15 15 15 00 a9 
47 16 01 0d 04 64 00 00 00 d3 
47 16 01 08 04 15 15 15 00 a9 
47 16 01 0d 04 64 00 00 00 d3 
47 16 01 08 04 15 15 15 00 a9 
47 16 01 0d 04 64 00 00 00 d3 
47 16 01 08 04 15 15 15 00 a9 
47 16 01 0d 04 64 00 00 00 d3 
47 16 01 08 04 15 15 15 00 a9 ff 
47 16 01 0d 04 64 00 00 00 d3 
47 16 01 08 04 15 15 15 00 a9 
47 16 01 0d 04 64 00 00 00 d3 
47 16 01 08 04 15 15 15 00 a9 
47 16 01 0d 04 64 00 00 00 d3 
47 16 01 08 04 15 15 15 00 a9 
47 16 01 0d 04 64 00 00 00 d3 
47 16 01 08 04 15 15 15 00 a9 
47 16 01 0d 04 64 00 00 00 d3 
47 16 01 08 04 15 15 15 00 a9 
47 16 01 0d 04 64 00 00 00 d3 
47 16 01 08 04 15 15 15 00 a9 
47 16 01 0d 04 64 00 00 00 d3 
47 16 01 08 04 15 15 15 00 a9 
47 16 01 0d 04 64 00 00 00 d3 
47 16 01 08 04 15 15 15 00 a9 
47 16 01 0d 04 64 00 00 00 d3 
47 16 01 08 04 15 15 15 00 a9 
47 16 01 0d 04 64 00 00 00 d3 
47 16 01 08 04 15 15 15 00 a9 
47 16 01 0d 04 64 00 00 00 d3 
47 16 01 08 04 15 15 15 00 a9 
47 16 01 0d 04 64 00 00 00 d3 
47 16 01 08 04 15 15 15 00 a9 
47 16 01 0d 04 64 00 00 00 d3 
47 16 01 08 04 15 15 15 00 a9 
47 16 01 0d 04 64 00 00 00 d3 
47 16 01 08 04 15 15 15 00 a9 
47 16 01 0d 04 64 00 00 00 d3 
47 16 01 08 04 15 15 15 00 a9 
47 16 01 0d 04 64 00 00 00 d3 
47 16 01 08 04 15 15 15 00 a9 
47 16 01 0d 04 64 00 00 00 d3 
47 16 01 08 04 15 15 15 00 a9 
47 16 01 0d 04 64 00 00 00 d3 
47 16 01 08 04 15 15 15 00 a9 
47 16 01 0d 04 64 00 00 00 d3 
47 16 01 08 04 15 15 15 00 a9 
47 16 01 0d 04 64 00 00 00 d3 
47 16 01 08 04 15 15 15 00 a9 
47 16 01 0d 04 64 00 00 00 d3 
47 16 01 08 04 15 15 15 00 a9 
47 16 01 0d 04 64 00 00 00 d3 
47 16 01 08 04 15 15 15 00 a9 
47 16 01 0d 04 64 00 00 00 d3 
47 16 01 08 04 15 15 15 00 a9 ff 
47 16 01 0d 04 64 00 00 00 d3 
47 16 01 08 04 15 15 15 00 a9 
47 16 01 0d 04 64 00 00 00 d3 
47 16 01 08 04 15 15 15 00 a9 
47 16 01 0d 04 64 00 00 00 d3 
47 16 01 08 04 15 15 15 00 a9 
47 16 01 0d 04 64 00 00 00 d3 
47 16 01 08 04 15 15 15 00 a9 
47 16 01 0d 04 64 00 00 00 d3 
47 16 01 08 04 15 15 15 00 a9 
47 16 01 0d 04 64 00 00 00 d3 
47 16 01 08 04 15 15 15 00 a9 
47 16 01 0d 04 64 00 00 00 d3 
47 16 01 08 04 15 15 15 00 a9 
47 16 01 0d 04 64 00 00 00 d3 ff 
47 16 01 08 04 15 15 15 00 a9 
47 16 01 0d 04 64 00 00 00 d3 
47 16 01 08 04 15 15 15 00 a9 
47 16 01 0d 04 64 00 00 00 d3 
47 16 01 08 04 15 15 15 00 a9 
47 16 01 0d 04 64 00 00 00 d3 
47 16 01 08 04 15 15 15 00 a9 
47 16 01 0d 04 64 00 00 00 d3 
47 16 01 08 04 15 15 15 00 a9 
47 16 01 0d 04 64 00 00 00 d3 
47 16 01 08 04 15 15 15 00 a9 
47 16 01 0d 04 64 00 00 00 d3 
47 16 01 08 04 15 15 15 00 a9 
47 16 01 0d 04 64 00 00 00 d3 
47 16 01 08 04 15 15 15 00 a9 
47 16 01 0d 04 64 00 00 00 d3 
47 16 01 08 04 15 15 15 00 a9 
47 16 01 0d 04 64 00 00 00 d3 
47 16 01 08 04 15 15 15 00 a9 
47 16 01 0d 04 64 00 00 00 d3 
47 16 01 08 04 15 15 15 00 a9 
47 16 01 0d 04 64 00 00 00 d3 
47 16 01 08 04 15 15 15 00 a9 
47 16 01 0d 04 64 00 00 00 d3 
47 16 01 08 04 15 15 15 00 a9 
47 16 01 0d 04 64 00 00 00 d3 
47 16 01 08 04 15 15 15 00 a9 
47 16 01 0d 04 64 00 00 00 d3 
47 16 01 08 04 15 15 15 00 a9 
47 16 01 0d 04 64 00 00 00 d3 
47 16 01 08 04 15 15 15 00 a9 
47 16 01 0d 04 64 00 00 00 d3 
47 16 01 08 04 15 15 15 00 a9 
47 16 01 0d 04 64 00 00 00 d3 
47 16 01 08 04 15 15 15 00 a9 
47 16 01 0d 04 64 00 00 00 d3 
47 16 01 08 04 15 15 15 00 a9 
47 16 01 0d 04 64 00 00 00 d3 
47 16 01 08 04 15 15 15 00 a9 
47 16 01 0d 04 64 00 00 00 d3 
47 16 01 08 04 15 15 15 00 a9 
47 16 01 0d 04 64 00 00 00 d3 
47 16 01 08 04 15 15 15 00 a9 
47 16 01 0d 04 64 00 00 00 d3 
47 16 01 08 04 15 15 15 00 a9 
47 16 01 0d 04 64 00 00 00 d3 
47 16 01 08 04 15 15 15 00 a9 
47 16 01 0d 04 64 00 00 00 d3 
47 16 01 08 04 15 15 15 00 a9 00 00 00 00 00 00 00 00 00 00 00 00 00 00 00 00 00 00 00 0b 0d 04 64 00 00 00 00 00 00 00 00 00 00 00 00 00 
47 16 01 08 04 15 15 15 00 a9 
47 16 01 0d 04 64 00 00 00 d3 
47 16 01 08 04 15 15 15 00 a9 
47 16 01 0d 04 64 00 00 00 d3 
47 16 01 08 04 15 15 15 00 a9 
47 16 01 0d 04 64 00 00 00 d3 
47 16 01 08 04 15 15 15 00 a9 
47 16 01 0d 04 64 00 00 00 d3 ff 
47 16 01 08 04 15 15 15 00 a9 
47 16 01 0d 04 64 00 00 00 d3 
47 16 01 08 04 15 15 15 00 a9 
47 16 01 0d 04 64 00 00 00 d3 
47 16 01 08 04 15 15 15 00 a9 
47 16 01 0d 04 64 00 00 00 d3 
47 16 01 08 04 15 15 15 00 a9 
47 16 01 0d 04 64 00 00 00 d3 
47 16 01 08 04 15 15 15 00 a9 
47 16 01 0d 04 64 00 00 00 d3 
47 16 01 08 04 15 15 15 00 a9 
47 16 01 0d 04 64 00 00 00 d3 
47 16 01 08 04 15 15 15 00 a9 
47 16 01 0d 04 64 00 00 00 d3 
47 16 01 08 04 15 15 15 00 a9 
47 16 01 0d 04 64 00 00 00 d3 
47 16 01 08 04 15 15 15 00 a9 
47 16 01 0d 04 64 00 00 00 d3 
47 16 01 08 04 15 15 15 00 a9 
47 16 01 0d 04 64 00 00 00 d3 
47 16 01 08 04 15 15 15 00 a9 
47 16 01 0d 04 64 00 00 00 d3 
47 16 01 08 04 15 15 15 00 a9 
47 16 01 0d 04 64 00 00 00 d3 
47 16 01 08 04 15 15 15 00 a9 
47 16 01 0d 04 64 00 00 00 d3 
47 16 01 08 04 15 15 15 00 a9 
47 16 01 0d 04 64 00 00 00 d3 
47 16 01 08 04 15 15 15 00 a9 
47 16 01 0d 04 64 00 00 00 d3 
47 16 01 08 04 15 15 15 00 a9 
47 16 01 0d 04 64 00 00 00 d3 
47 16 01 08 04 15 15 15 00 a9 
47 16 01 0d 04 64 00 00 00 d3 
47 16 01 08 04 15 15 15 00 a9 
47 16 01 0d 04 64 00 00 00 d3 
47 16 01 08 04 15 15 15 00 a9 
47 16 01 0d 04 64 00 00 00 d3 
47 16 01 08 04 15 15 15 00 a9 
47 16 01 0d 04 64 00 00 00 d3 
47 16 01 08 04 15 15 15 00 a9 
47 16 01 0d 04 64 00 00 00 d3 
47 16 01 08 04 15 15 15 00 a9 
47 16 01 0d 04 64 00 00 00 d3 
47 16 01 08 04 15 15 15 00 a9 ff 
47 16 01 0d 04 64 00 00 00 d3 
47 16 01 08 04 15 15 15 00 a9 
47 16 01 0d 04 64 00 00 00 d3 
47 16 01 08 04 15 15 15 00 a9 
47 16 01 0d 04 64 00 00 00 d3 
47 16 01 08 04 15 15 15 00 a9 
47 16 01 0d 04 64 00 00 00 d3 
47 16 01 08 04 15 15 15 00 a9 
47 16 01 0d 04 64 00 00 00 d3 
47 16 01 08 04 15 15 15 00 a9 
47 16 01 0d 04 64 00 00 00 d3 
47 16 01 08 04 15 15 15 00 a9 
47 16 01 0d 04 64 00 00 00 d3 
47 16 01 08 04 15 15 15 00 a9 
47 16 01 0d 04 64 00 00 00 d3 
47 16 01 08 04 15 15 15 00 a9 
47 16 01 0d 04 64 00 00 00 d3 
47 16 01 08 04 15 15 15 00 a9 
47 16 01 0d 04 64 00 00 00 d3 
47 16 01 08 04 15 15 15 00 a9 
47 16 01 0d 04 64 00 00 00 d3 
47 16 01 08 04 15 15 15 00 a9 
47 16 01 0d 04 64 00 00 00 d3 
47 16 01 08 04 15 15 15 00 a9 ff 
47 16 01 0d 04 64 00 00 00 d3 
47 16 01 08 04 15 15 15 00 a9 ff 
47 16 01 08 04 15 15 15 00 a9 
47 16 01 0d 04 64 00 00 00 d3 
47 16 01 08 04 15 15 15 00 a9 
47 16 01 0d 04 64 00 00 00 d3 
47 16 01 08 04 15 15 15 00 a9 
47 16 01 0d 04 64 00 00 00 d3 00 00 00 00 00 00 00 00 00 00 00 00 00 00 00 00 00 0c 00 d3 00 00 00 00 00 00 00 00 00 00 00 00 00 00 46 15 15 15 00 a9 
47 16 01 0d 04 64 00 00 00 d3 
47 16 01 08 04 15 15 15 00 a9 
47 16 01 0d 04 64 00 00 00 d3 
47 16 01 08 04 15 15 15 00 a9 
47 16 01 0d 04 64 00 00 00 d3 
47 16 01 08 04 15 15 15 00 a9 
47 16 01 0d 04 64 00 00 00 d3 
47 16 01 08 04 15 15 15 00 a9 
47 16 01 0d 04 64 00 00 00 d3 
47 16 01 08 04 15 15 15 00 a9 
47 16 01 0d 04 64 00 00 00 d3 
47 16 01 08 04 15 15 15 00 a9 
47 16 01 0d 04 64 00 00 00 d3 
47 16 01 08 04 15 15 15 00 a9 
47 16 01 0d 04 64 00 00 00 d3 
47 16 01 08 04 15 15 15 00 a9 
47 16 01 0d 04 64 00 00 00 d3 
47 16 01 08 04 15 15 15 00 a9 
47 16 01 0d 04 64 00 00 00 d3 
47 16 01 08 04 15 15 15 00 a9 
47 16 01 0d 04 64 00 00 00 d3 
47 16 01 08 04 15 15 15 00 a9 
47 16 01 0d 04 64 00 00 00 d3 
47 16 01 08 04 15 15 15 00 a9 
47 16 01 0d 04 64 00 00 00 d3 
47 16 01 08 04 15 15 15 00 a9 
47 16 01 0d 04 64 00 00 00 d3 
47 16 01 08 04 15 15 15 00 a9 
47 16 01 0d 04 64 00 00 00 d3 
47 16 01 08 04 15 15 15 00 a9 
47 16 01 0d 04 64 00 00 00 d3 
47 16 01 08 04 15 15 15 00 a9 
47 16 01 0d 04 64 00 00 00 d3 
47 16 01 08 04 15 15 15 00 a9 ff 
47 16 01 0d 04 64 00 00 00 d3 
47 16 01 08 04 15 15 15 00 a9 
47 16 01 0d 04 64 00 00 00 d3 
47 16 01 08 04 15 15 15 00 a9 
47 16 01 08 04 15 15 15 00 a9 
47 16 01 0d 04 64 00 00 00 d3 
47 16 01 08 04 15 15 15 00 a9 
47 16 01 0d 04 64 00 00 00 d3 
47 16 01 08 04 15 15 15 00 a9 
47 16 01 0d 04 64 00 00 00 d3 
47 16 01 0d 04 64 00 00 00 d3 
47 16 01 08 04 15 15 15 00 a9 
47 16 01 0d 04 64 00 00 00 d3 
47 16 01 08 04 15 15 15 00 a9 
47 16 01 0d 04 64 00 00 00 d3 
47 16 01 08 04 15 15 15 00 a9 
47 16 01 0d 04 64 00 00 00 d3 
47 16 01 08 04 15 15 15 00 a9 
47 16 01 0d 04 64 00 00 00 d3 ff 
47 16 01 08 04 15 15 15 00 a9 
47 16 01 0d 04 64 00 00 00 d3 
47 16 01 08 04 15 15 15 00 a9 ff 
47 16 01 08 04 15 15 15 00 a9 
47 16 01 0d 04 64 00 00 00 d3 
47 16 01 0d 04 64 00 00 00 d3 
47 16 01 08 04 15 15 15 00 a9 
47 16 01 0d 04 64 00 00 00 d3 00 00 00 00 00 00 00 00 00 00 00 00 00 00 00 00 00 00 00 00 00 00 00 00 00 00 00 00 00 
47 16 18 03 00 00 d3 00 
47 16 01 08 04 15 15 15 00 a9 
47 16 01 0d 04 64 00 00 00 d3 
47 16 01 08 04 15 15 15 00 a9 
47 16 01 0d 04 64 00 00 00 d3 
47 16 01 08 04 15 15 15 00 a9 
47 16 01 0d 04 64 00 00 00 d3 
47 16 01 08 04 15 15 15 00 a9 
47 16 01 0d 04 64 00 00 00 d3 
47 16 01 08 04 15 15 15 00 a9 
47 16 01 0d 04 64 00 00 00 d3 
47 16 01 08 04 15 15 15 00 a9 
47 16 01 0d 04 64 00 00 00 d3 
47 16 01 08 04 15 15 15 00 a9 
47 16 01 0d 04 64 00 00 00 d3 
47 16 01 08 04 15 15 15 00 a9 
47 16 01 0d 04 64 00 00 00 d3 
47 16 01 08 04 15 15 15 00 a9 
47 16 01 0d 04 64 00 00 00 d3 
47 16 01 08 04 15 15 15 00 a9 
47 16 01 0d 04 64 00 00 00 d3 
47 16 01 08 04 15 15 15 00 a9 
47 16 01 0d 04 64 00 00 00 d3 
47 16 01 08 04 15 15 15 00 a9 
47 16 01 0d 04 64 00 00 00 d3 
47 16 01 08 04 15 15 15 00 a9 
47 16 01 0d 04 64 00 00 00 d3 
47 16 01 08 04 15 15 15 00 a9 
47 16 01 0d 04 64 00 00 00 d3 
47 16 01 08 04 15 15 15 00 a9 
47 16 01 0d 04 64 00 00 00 d3 
47 16 01 08 04 15 15 15 00 a9 
47 16 01 0d 04 64 00 00 00 d3 
47 16 01 08 04 15 15 15 00 a9 
47 16 01 0d 04 64 00 00 00 d3 
47 16 01 08 04 15 15 15 00 a9 
47 16 01 0d 04 64 00 00 00 d3 
47 16 01 08 04 15 15 15 00 a9 
47 16 01 0d 04 64 00 00 00 d3 
47 16 01 08 04 15 15 15 00 a9 
47 16 01 0d 04 64 00 00 00 d3 
47 16 01 08 04 15 15 15 00 a9 
47 16 01 0d 04 64 00 00 00 d3 
47 16 01 08 04 15 15 15 00 a9 
47 16 01 0d 04 64 00 00 00 d3 
47 16 01 08 04 15 15 15 00 a9 
47 16 01 0d 04 64 00 00 00 d3 
47 16 01 08 04 15 15 15 00 a9 
47 16 01 0d 04 64 00 00 00 d3 
47 16 01 08 04 15 15 15 00 a9 
47 16 01 0d 04 64 00 00 00 d3 
47 16 01 08 04 15 15 15 00 a9 
47 16 01 0d 04 64 00 00 00 d3 
47 16 01 08 04 15 15 15 00 a9 
47 16 01 0d 04 64 00 00 00 d3 
47 16 01 08 04 15 15 15 00 a9 
47 16 01 0d 04 64 00 00 00 d3 
47 16 01 08 04 15 15 15 00 a9 
47 16 01 0d 04 64 00 00 00 d3 
47 16 01 08 04 15 15 15 00 a9 
47 16 01 0d 04 64 00 00 00 d3 
47 16 01 08 04 15 15 15 00 a9 
47 16 01 0d 04 64 00 00 00 d3 
47 16 01 08 04 15 15 15 00 a9 
47 16 01 0d 04 64 00 00 00 d3 
47 16 01 08 04 15 15 15 00 a9 
47 16 01 0d 04 64 00 00 00 d3 
47 16 01 08 04 15 15 15 00 a9 
47 16 01 0d 04 64 00 00 00 d3 
47 16 01 08 04 15 15 15 00 a9 
47 16 01 0d 04 64 00 00 00 d3 
47 16 01 08 04 15 15 15 00 a9 
47 16 01 0d 04 64 00 00 00 d3 
47 16 01 08 04 15 15 15 00 a9 
47 16 01 0d 04 64 00 00 00 d3 
47 16 01 08 04 15 15 15 00 a9 
47 16 01 0d 04 64 00 00 00 d3 
47 16 01 08 04 15 15 15 00 a9 
47 16 01 0d 04 64 00 00 00 d3 
47 16 01 08 04 15 15 15 00 a9 
47 16 01 08 04 15 15 15 00 a9 
47 16 01 0d 04 64 00 00 00 d3 
47 16 01 08 04 15 15 15 00 a9 
47 16 01 0d 04 64 00 00 00 d3 
47 16 01 08 04 15 15 15 00 a9 
47 16 01 0d 04 64 00 00 00 d3 
47 16 01 0d 04 64 00 00 00 d3 
47 16 01 08 04 15 15 15 00 a9 
47 16 01 0d 04 64 00 00 00 d3 
47 16 01 08 04 15 15 15 00 a9 
47 16 01 0d 04 64 00 00 00 d3 
47 16 01 08 04 15 15 15 00 a9 ff 
47 16 01 0d 04 64 00 00 00 d3 
47 16 01 08 04 15 15 15 00 a9 
47 16 01 0d 04 64 00 00 00 d3 
47 16 01 08 04 15 15 15 00 a9 
47 16 01 0d 04 64 00 00 00 d3 
47 16 01 08 04 15 15 15 00 a9 
47 16 01 08 04 15 15 15 00 a9 
47 16 01 0d 04 64 00 00 00 d3 
47 16 01 08 04 15 15 15 00 a9 
47 16 01 0d 04 64 00 00 00 d3 
47 16 01 08 04 15 15 15 00 a9 
47 16 01 0d 04 64 00 00 00 d3 
47 16 01 0d 04 64 00 00 00 d3 
47 16 01 08 04 15 15 15 00 a9 
47 16 01 0d 04 64 00 00 00 d3 
47 16 01 08 04 2a 2a 2a 00 a9 ff ff ff ff ff ff ff ff 
47 16 01 0d 04 64 00 00 00 d3 ff 
47 16 01 08 04 15 15 15 00 a9 
47 16 01 0d 04 64 00 00 00 d3 
47 16 01 08 04 15 15 15 00 a9 
47 16 01 0d 04 64 00 00 00 d3 
47 16 01 08 04 15 15 15 00 a9 
47 16 01 0d 04 64 00 00 00 d3 
47 16 01 08 04 15 15 15 00 a9 
47 16 01 08 04 15 15 15 00 a9 
47 16 01 0d 04 64 00 00 00 d3 
47 16 01 08 04 15 15 15 00 a9 
47 16 01 0d 04 64 00 00 00 d3 ff ff ff ff ff ff ff 
47 16 01 08 04 15 15 15 00 a9 ff ff ff ff ff ff ff ff ff ff ff 
47 16 01 0d 04 64 00 00 00 d3 ff ff ff 
47 16 01 0d 04 64 00 00 00 d3 ff 
47 16 01 08 04 15 15 15 00 a9 ff ff ff ff 
47 16 01 0d 04 64 00 00 00 d3 ff 
47 16 01 08 04 15 15 15 00 a9 ff ff ff ff ff 
47 16 01 0d 04 64 00 00 00 d3 ff ff ff ff ff 
47 16 01 08 04 15 15 15 00 a9 ff ff ff ff ff 
47 16 01 0d 04 64 00 00 00 d3 ff ff 
47 16 01 08 04 15 15 15 00 a9 ff ff ff ff ff 
47 16 01 0d 04 64 00 00 00 d3 ff ff ff 
47 16 01 08 04 15 15 15 00 a9 ff ff ff ff 
47 16 01 0d 04 64 00 00 00 d3 ff 
47 16 01 08 04 15 15 15 00 a9 
47 16 01 0d 04 64 00 00 00 d3 ff ff 
47 16 01 08 04 15 15 15 00 a9 ff ff ff 
47 16 01 0d 04 64 00 00 00 d3 ff ff 
47 16 01 08 04 15 15 15 00 a9 ff ff 
47 16 01 0d 04 64 00 00 00 d3 ff ff ff 
47 16 01 08 04 15 15 15 00 a9 ff ff ff ff ff ff 
47 16 01 0d 04 64 00 00 00 d3 ff ff ff ff ff 
47 16 01 08 04 15 15 15 00 a9 ff ff 
47 16 01 0d 04 64 00 00 00 d3 
47 16 01 08 04 15 15 15 00 a9 ff ff ff ff ff 
47 16 01 0d 04 64 00 00 00 d3 ff 
47 16 01 08 04 15 15 15 00 a9 ff ff ff ff 
47 16 01 0d 04 64 00 00 00 d3 
47 16 01 08 04 15 15 15 00 a9 
47 16 01 0d 04 64 00 00 00 d3 
47 16 01 08 04 15 15 15 00 a9 
47 16 01 0d 04 64 00 00 00 d3 
47 16 01 08 04 15 15 15 00 a9 
47 16 01 0d 04 64 00 00 00 d3 
47 16 01 08 04 15 15 15 00 a9 
47 16 01 0d 04 64 00 00 00 d3 
47 16 01 08 04 15 15 15 00 a9 ff 
47 16 01 0d 04 64 00 00 00 d3 
47 16 01 08 04 15 15 15 00 a9 
47 16 01 0d 04 64 00 00 00 d3 
47 16 01 08 04 15 15 15 00 a9 ff 
47 16 01 0d 04 64 00 00 00 d3 
47 16 01 08 04 15 15 15 00 a9 
47 16 01 0d 04 64 00 00 00 d3 
47 16 01 08 04 15 15 15 00 a9 
47 16 01 0d 04 64 00 00 00 d3 
47 16 01 08 04 15 15 15 00 a9 ff 
47 16 01 0d 04 64 00 00 00 d3 
47 16 01 08 04 15 15 15 00 a9 
47 16 01 0d 04 64 00 00 00 d3 
47 16 01 08 04 15 15 15 00 a9 
47 16 01 0d 04 64 00 00 00 d3 
47 16 01 08 04 15 15 15 00 a9 
47 16 01 0d 04 64 00 00 00 d3 
47 16 01 08 04 15 15 15 00 a9 ff 
47 16 01 0d 04 64 00 00 00 d3 
47 16 01 08 04 15 15 15 00 a9 
47 16 01 0d 04 64 00 00 00 d3 
47 16 01 08 04 15 15 15 00 a9 ff 
47 16 01 0d 04 64 00 00 00 d3 
47 16 01 08 04 15 15 15 00 a9 
47 16 01 0d 04 64 00 00 00 d3 
47 16 01 08 04 15 15 15 00 a9 
47 16 01 0d 04 64 00 00 00 d3 
47 16 01 08 04 15 15 15 00 a9 
47 16 01 0d 04 64 00 00 00 d3 
47 16 01 08 04 15 15 15 00 a9 
47 16 01 0d 04 64 00 00 00 d3 
47 16 01 08 04 15 15 15 00 a9 
47 16 01 0d 04 64 00 00 00 d3 
47 16 01 08 04 15 15 15 00 a9 
47 16 01 0d 04 64 00 00 00 d3 
47 16 01 08 04 15 15 15 00 a9 
47 16 01 0d 04 64 00 00 00 d3 
47 16 01 08 04 15 15 15 00 a9 
47 16 01 0d 04 64 00 00 00 d3 
47 16 01 08 04 15 15 15 00 a9 
47 16 01 0d 04 64 00 00 00 d3 
47 16 01 08 04 15 15 15 00 a9 
47 16 01 0d 04 64 00 00 00 d3 
47 16 01 08 04 15 15 15 00 a9 
47 16 01 0d 04 64 00 00 00 d3 
47 16 01 08 04 15 15 15 00 a9
